1000,1200,1500,1700,1830,2000,2200,2400,date
3483,3483,4480,6396,8111,8111,8111,9523,4,11-30
1620,1620,6491,9138,15943,15943,17751,17930,5,12-1
1000,3210,4614,4769,7698,7698,9759,9759,6,12-2
3210,4614,4759,4769,7550,7698,7828,9759,7,12-3
2001,2768,4238,7812,7812,7812,7892,9243,1,12-4
1642,5084,7482,9504,11100,13204,13204,14690,2,12-5
1633,1633,8381,9282,9282,9467,9914,11299,3,12-6
1765,3100,5396,8197,13674,15307,15307,15307,4,12-7
3825,3825,3825,5898,5808,5808,7393,7393,5,12-8
0872,0872,1523,1704,4285,4285,4285,7058,6,12-9
1771,2516,9073,17683,17683,17683,20317,20317,7,12-10
1986,1986,3960,6665,6665,6665,6665,10734,1,12-11
2265,2843,4181,6107,6107,6107,6107,11233,2,12-12
1566,1818,5643,5643,5643,5643,6168,7298,3,12-13
1364,4261,8691,8691,12178,12178,15371,17928,4,12-14
5648,8660,8733,8733,8733,9224,9224,13394,5,12-15
0503,2213,2213,2213,2213,2213,9327,10612,6,12-16
2113,
